62
64
45
56
18
67
48
15
32
47
1
39
86
36
1
97
53
4
28
20
2
76
91
91
23
26
79
24
63
57
93
22
98
58
95
90
11
36
89
63
66
24
41
16
30
13
68
47
76
60
2
35
51
20
98
90
3
24
8
31
21
52
71
96
57
100
13
35
87
42
87
65
60
57
65
38
33
49
41
19
37
46
81
74
25
64
66
46
31
12
17
67
34
85
3
77
88
7
42
1
94
60
59
26
11
99
28
4
92
53
75
20
62
84
56
40
48
15
32
47
46
36
38
21
69
1
80
4
74
92
21
25
62
94
91
99
23
73
7
21
61
24
78
96
70
75
29
5
33
22
27
3
88
11
36
44
85
63
67
80
66
41
47
76
2
42
63
51
20
6
90
50
95
92
77
78
8
72
40
31
21
93
5
29
56
70
34
68
87
12
65
39
28
47
33
96
88
80
66
19
85
63
39
68
64
17
43
83
61
16
30
40
84
48
91
7
73
2
60
26
99
11
23
74
81
52
97
9
25
79
71
32
90
56
29
5
47
96
8
8
21
51
81
6
77
27
20
98
22
66
18
44
33
15
96
87
26
65
57
60
68
88
11
37
48
67
85
40
19
45
62
16
84
17
46
83
66
78
92
4
97
52
26
58
91
73
54
55
2
97
47
61
46
43
64
48
32
11
62
56
80
19
40
67
30
23
99
9
41
2
94
55
66
7
9
25
1
70
92
57
28
4
90
6
98
22
59
70
4
74
53
96
75
88
21
10
8
82
44
2
60
42
30
17
44
67
66
16
84
85
15
71
5
93
100
40
79
81
90
76
50
73
3
84
51
27
12
20
41
19
63
44
81
14
98
16
49
32
26
83
86
57
38
89
35
88
36
10
100
67
40
45
77
31
69
16
17
82
66
5
71
25
9
78
93
28
97
1
52
26
23
99
54
7
82
72
34
37
97
61
43
36
49
64
82
48
15
36
80
45
40
67
27
18
30
9
41
51
72
7
77
91
91
20
13
9
50
97
1
58
70
80
57
95
8
3
73
55
92
70
58
4
74
53
96
93
10
24
61
76
47
2
60
65
30
63
41
84
32
49
37
55
2
77
7
95
50
27
98
71
100
62
53
13
8
62
1
65
75
87
42
30
17
99
12
19
45
58
27
81
40
48
11
88
16
31
34
13
2
44
76
61
46
83
35
49
85
32
37
85
67
44
24
41
80
59
73
91
51
71
6
22
25
78
53
57
75
37
15
48
62
39
74
44
13
69
39
83
43
65
8
52
92
57
4
99
26
59
51
94
43
73
53
96
93
29
56
79
77
72
55
52
22
34
40
79
81
77
84
45
66
3
36
11
14
33
89
82
25
47
38
87
19
12
55
72
77
95
50
3
23
58
30
5
56
71
74
92
13
21
8
21
62
79
65
87
38
42
82
38
17
68
99
35
62
84
81
11
33
88
49
31
13
20
86
61
78
46
88
85
32
55
63
18
69
80
66
27
4
42
54
7
91
76
22
53
78
96
70
28
52
93
75
10
37
88
32
45
48
39
74
63
13
69
39
59
28
43
86
72
78
31
9
93
75
4
99
63
27
22
12
76
54
93
92
71
97
79
71
5
24
32
82
93
50
77
72
6
58
23
23
34
79
100
67
41
45
19
36
14
89
82
68
54
84
17
39
42
14
47
64
65
13
31
87
45
46
39
85
98
32
76
94
51
55
12
59
75
57
92
20
72
8
6
58
50
72
90
43
9
32
24
96
53
4
74
100
71
56
35
17
30
60
38
25
46
54
14
95
81
84
19
21
79
89
1
4
74
27
58
7
98
55
72
3
50
95
89
33
86
14
11
29
64
15
58
68
17
35
46
82
49
18
55
24
16
69
15
32
37
86
47
42
83
39
78
94
16
31
13
28
52
83
8
7
54
76
23
83
65
39
59
43
89
34
68
16
80
18
98
51
95
63
98
59
75
52
90
70
40
72
6
21
9
22
23
99
82
91
85
72
78
25
43
32
74
56
69
12
17
30
38
47
64
61
19
36
17
95
79
100
84
41
8
50
25
93
5
71
100
53
99
27
41
55
94
77
91
3
89
14
36
29
64
15
81
58
30
12
99
69
1
61
42
75
87
38
40
18
55
24
69
15
32
88
37
10
86
60
83
46
65
16
31
36
34
57
59
1
52
97
83
75
29
10
24
78
53
95
73
51
90
59
42
23
45
19
64
29
27
58
15
63
14
88
36
65
42
82
49
68
5
93
71
74
72
2
95
50
58
27
98
78
28
97
1
83
59
23
73
3
54
40
76
88
32
37
10
55
18
67
69
41
24
34
86
76
78
39
99
59
26
76
94
54
73
3
72
20
6
78
9
52
92
70
13
89
31
69
14
26
64
43
65
86
10
98
49
80
37
62
41
44
18
60
82
25
47
87
66
54
35
17
84
34
100
81
77
84
3
19
45
36
95
89
50
7
72
90
55
52
58
53
96
100
74
61
56
43
24
32
64
29
62
58
44
15
33
89
11
65
87
75
38
68
35
56
5
92
21
21
62
79
55
77
90
98
7
26
73
22
25
61
78
96
70
1
75
83
59
22
33
42
73
7
91
51
76
15
88
32
37
55
85
18
40
18
69
24
66
16
34
86
83
22
59
76
2
51
94
54
73
72
6
9
75
57
4
70
23
34
16
39
83
14
59
64
43
28
48
37
98
15
80
66
85
63
60
47
68
87
12
30
79
67
100
81
62
19
30
14
33
89
95
77
90
6
55
26
53
74
100
92
71
43
79
71
32
5
72
78
64
94
51
2
73
99
63
26
48
74
18
39
85
10
32
88
96
83
47
13
34
87
16
69
36
11
14
79
34
81
45
84
41
66
18
12
84
30
60
43
38
17
82
87
46
9
79
77
93
100
1
71
29
22
50
82
77
55
6
97
30
17
12
65
1
87
75
38
82
43
33
86
11
88
56
64
84
7
73
72
77
50
95
13
62
21
9
45
56
1
74
73
56
91
54
59
70
52
5
25
22
53
44
47
61
35
83
39
16
34
18
67
16
80
15
39
85
10
29
57
4
40
6
90
76
51
54
73
63
98
12
26
48
62
74
39
85
10
98
37
32
88
15
83
39
14
86
60
89
13
35
68
34
31
11
26
89
33
79
34
100
45
35
69
17
64
38
82
25
61
54
79
43
28
93
22
52
99
50
91
72
94
55
17
12
99
35
61
42
38
64
49
89
14
49
88
19
81
58
58
73
94
91
86
50
13
20
8
62
79
56
71
100
80
53
95
92
90
76
98
57
52
29
83
75
22
53
24
86
60
83
35
46
39
31
68
13
40
85
18
80
85
88
2
76
2
91
91
41
30
9
99
23
41
1
56
70
80
28
92
25
9
75
61
1
39
36
43
34
97
12
80
67
27
18
48
86
16
30
68
47
76
65
35
42
49
67
63
66
84
98
70
27
4
95
6
90
72
21
10
79
74
93
29
5
52
52
14
33
49
41
66
37
19
44
35
87
26
57
38
24
8
21
52
90
5
29
96
60
100
27
98
81
28
92
53
56
1
25
78
99
23
40
34
85
3
45
62
88
10
48
37
17
66
46
61
69
94
51
76
7
30
99
9
23
41
73
71
97
100
57
4
28
92
20
21
25
79
61
38
46
86
38
64
13
97
69
35
62
18
81
86
89
15
31
17
60
65
78
42
11
49
85
80
66
69
41
33
98
70
4
3
91
90
10
61
8
24
53
93
29
75
14
33
41
80
19
85
63
44
68
12
87
26
39
65
57
28
6
24
8
78
31
93
75
56
29
63
20
22
98
81
3
95
28
4
74
100
92
71
97
5
79
71
20
54
73
94
60
59
26
23
67
81
45
3
77
84
10
89
37
64
17
68
66
46
16
35
69
22
30
14
42
65
57
47
38
68
19
87
41
63
18
81
46
33
10
15
49
51
6
95
3
77
54
51
20
22
71
56
93
96
76
100
24
60
11
58
7
91
50
65
5
9
20
78
75
97
52
31
84
64
43
54
46
61
48
14
67
85
40
19
45
45
21
20
25
97
1
70
28
58
23
9
99
76
55
50
57
7
91
86
14
38
32
80
56
45
19
27
67
34
97
69
47
61
36
86
18
63
55
66
41
84
16
49
36
10
89
76
82
47
2
42
94
5
93
21
79
54
3
72
59
27
4
59
26
42
60
38
89
35
87
48
19
66
44
81
14
37
81
90
76
6
95
3
48
51
20
90
71
56
29
93
96
100
8
40
21
60
59
11
7
91
82
2
94
71
43
25
9
20
92
28
75
97
52
1
16
34
64
82
43
46
19
36
33
48
85
40
3
62
50
70
92
4
30
9
26
2
51
72
77
91
91
48
33
88
15
62
45
40
13
99
47
87
39
43
36
82
44
67
66
41
16
11
89
37
15
76
2
86
83
68
96
5
29
79
10
87
73
90
6
55
98
22
42
70
4
10
18
85
55
18
31
36
13
60
44
35
78
39
46
24
53
70
57
97
83
75
59
98
33
95
54
7
92
90
56
71
28
100
53
80
20
13
8
50
79
94
77
91
3
9
99
58
41
19
81
44
89
33
25
88
49
1
38
42
75
87
64
49
17
99
35
50
77
85
72
78
55
52
23
96
53
93
100
74
28
71
56
79
20
68
47
64
82
87
69
12
84
30
79
81
100
41
66
36
11
14
89
89
68
83
39
10
32
15
45
48
62
18
74
39
85
51
63
98
12
81
51
2
73
72
24
21
75
96
90
4
57
92
88
85
10
18
55
16
80
94
16
34
86
47
44
61
35
78
25
78
70
28
52
100
59
91
7
54
92
67
89
56
1
74
4
53
62
21
9
3
50
95
27
58
98
56
19
84
44
63
49
46
65
1
47
38
75
43
49
30
97
12
50
72
6
52
23
96
74
5
1
46
29
56
43
24
43
17
38
25
82
87
54
12
84
29
79
34
100
45
84
41
66
19
36
11
95
33
89
34
69
42
14
86
65
57
48
37
88
15
96
45
80
62
99
63
12
26
76
54
73
72
8
78
6
5
52
57
92
70
79
24
32
74
100
93
92
71
97
56
29
60
58
82
50
77
72
55
6
36
11
33
95
62
45
84
19
35
17
25
68
19
54
80
66
18
37
48
32
15
14
59
28
43
65
13
31
16
69
12
80
52
57
96
70
72
20
6
2
94
54
59
20
44
39
78
83
94
31
34
40
69
66
15
88
85
37
73
54
7
51
76
33
22
42
96
70
28
52
22
61
53
78
58
7
73
26
55
77
95
8
21
62
56
74
92
30
17
99
12
35
65
87
38
49
33
11
36
33
19
29
62
84
44
79
43
24
53
100
71
50
58
82
7
2
90
36
11
14
40
81
77
45
45
35
12
30
25
68
87
19
54
48
41
18
74
85
10
98
37
88
32
49
15
14
59
28
65
13
89
34
69
16
75
57
4
20
6
51
94
3
59
86
2
76
94
34
67
44
67
18
24
41
15
49
88
32
10
73
3
54
71
6
76
33
23
42
70
28
57
97
52
27
58
7
73
55
2
72
77
7
50
79
93
99
75
82
38
36
89
48
14
11
36
64
45
63
98
22
58
4
8
73
55
10
53
61
53
96
83
5
29
30
47
83
11
24
89
37
44
63
18
66
87
46
39
49
69
62
40
18
58
86
48
33
15
88
51
7
77
91
30
99
26
1
92
28
21
20
9
50
85
40
3
45
77
88
36
10
48
17
43
61
87
31
16
75
52
97
25
9
43
20
77
91
82
2
94
26
59
11
8
24
31
90
93
51
20
22
79
6
95
73
3
98
37
32
37
19
48
46
35
12
59
42
83
65
57
47
38
98
27
54
90
72
21
10
8
61
53
5
29
93
68
82
76
42
36
10
18
63
55
41
47
39
46
86
13
80
45
15
27
67
86
14
32
76
66
50
58
23
99
26
97
1
28
4
21
20
25
50
3
77
95
37
64
17
43
46
31
16
69
84
5
25
20
7
91
50
94
60
23
58
8
24
21
31
90
4
29
93
47
96
100
27
20
90
95
3
77
54
49
15
37
66
18
46
68
28
35
12
87
26
42
60
13
69
35
38
64
17
83
46
89
48
40
79
62
23
54
73
94
5
25
79
71
28
4
92
81
71
6
90
81
50
3
95
77
63
27
51
22
98
93
96
6
8
40
8
31
42
87
39
60
68
31
41
66
39
44
96
53
75
5
21
22
8
24
6
90
33
22
98
70
27
4
58
44
85
67
80
69
16
41
32
47
60
39
78
42
31
68
17
48
15
29
56
27
18
81
13
35
46
64
20
9
50
62
71
1
80
4
74
100
57
92
30
23
94
51
2
31
12
69
25
43
83
66
61
88
10
67
34
40
85
45
26
99
23
91
54
42
1
73
5
9
71
78
1
97
6
81
50
95
77
51
22
51
93
5
29
96
24
8
40
8
31
87
26
65
57
38
47
68
13
16
41
63
46
74
44
14
33
96
74
96
93
5
52
21
8
3
95
6
98
58
27
44
67
63
16
84
11
49
47
60
65
16
30
68
32
56
80
27
34
97
69
12
61
47
1
86
43
25
9
1
97
56
80
70
4
28
92
99
9
26
2
70
91
7
11
49
15
67
63
16
84
30
17
2
86
60
83
42
21
53
8
96
5
29
70
58
27
3
90
6
76
92
94
80
57
69
4
21
13
9
25
2
51
72
94
7
23
99
41
56
18
67
27
88
61
39
46
49
64
82
34
13
77
54
91
72
94
23
99
4
93
97
5
71
9
64
82
66
61
69
67
100
45
36
10
68
12
83
86
60
38
14
49
96
32
27
41
48
63
27
98
81
76
50
48
40
8
31
90
29
93
96
85
49
89
44
67
16
30
68
17
82
47
2
60
65
24
74
53
5
29
93
44
7
22
59
70
27
4
95
90
6
51
97
80
92
57
20
9
2
76
55
57
91
9
26
56
19
27
86
48
38
32
11
61
46
43
36
86
34
97
13
98
73
55
65
2
26
99
58
92
28
75
1
5
71
17
54
66
83
69
84
40
19
3
45
45
62
88
11
37
68
35
19
26
87
42
57
38
33
10
15
49
96
66
44
18
27
59
22
51
3
77
24
40
8
31
29
5
93
96
100
5
9
25
32
28
74
52
71
1
97
60
59
99
23
91
7
94
10
37
48
67
45
3
77
84
16
35
69
22
30
38
43
61
80
37
85
46
14
33
96
49
31
65
60
47
68
34
12
90
56
5
70
6
72
21
81
3
95
20
22
98
47
82
60
65
39
78
34
63
16
69
41
88
11
95
55
72
22
58
93
29
5
21
10
61
78
8
24
99
23
41
26
73
7
51
76
91
7
21
9
79
50
62
1
71
97
82
80
30
97
10
69
47
61
46
86
43
38
64
86
15
62
84
45
56
29
67
81
9
20
28
4
53
75
59
73
94
2
73
88
48
85
3
77
31
12
17
25
64
43
66
83
46
61
37
63
81
46
44
14
33
42
87
65
60
57
68
13
16
35
71
90
5
60
57
100
24
8
8
6
90
27
98
76
82
60
2
35
42
13
68
44
66
24
11
49
89
55
90
72
98
70
27
96
52
10
79
61
8
24
30
23
41
26
94
51
76
20
21
50
53
70
4
28
92
17
97
12
1
46
39
36
86
43
64
86
15
32
62
64
80
40
67
33
42
23
7
54
92
90
76
21
78
70
68
57
52
95
1
97
29
83
75
94
31
86
60
83
78
15
88
37
18
40
67
24
69
80
87
38
64
82
99
69
84
81
58
44
63
33
14
11
49
72
94
91
50
99
27
7
73
93
56
5
74
28
20
62
25
81
100
84
45
19
36
26
14
89
47
68
82
25
61
87
54
19
35
12
17
30
28
74
56
43
25
20
82
49
91
94
6
55
22
58
23
11
40
78
21
9
29
52
92
70
51
12
2
95
10
48
98
37
88
80
62
74
39
13
34
31
16
65
59
14
65
60
43
28
59
33
42
73
91
54
7
51
22
53
78
57
28
97
75
5
94
31
83
39
78
32
88
85
10
40
55
85
67
46
65
47
87
38
30
68
12
99
64
19
84
81
15
44
63
89
33
86
14
11
36
88
55
77
7
98
73
45
93
56
71
6
4
74
100
53
62
79
34
81
45
41
19
89
95
60
38
68
25
54
46
19
35
17
53
100
4
71
29
9
79
24
82
6
90
22
23
20
8
75
57
70
59
26
64
94
2
99
10
48
80
74
18
85
13
87
31
16
69
59
14
42
64
86
65
28
12
84
17
82
47
38
54
36
30
14
89
95
79
67
100
41
52
23
23
82
50
72
79
74
97
29
76
51
54
27
63
59
12
93
75
52
70
6
64
86
13
89
23
31
48
45
39
18
85
63
10
37
32
96
57
52
93
75
83
83
22
25
7
91
92
22
33
4
70
42
85
63
18
80
15
32
37
10
44
61
39
78
35
83
94
16
11
34
89
14
11
49
36
58
44
67
81
30
68
17
12
35
1
65
87
75
38
49
13
21
62
71
97
100
53
23
30
58
26
95
3
50
17
84
87
66
36
11
48
33
95
89
40
34
100
81
84
3
19
66
52
22
23
77
2
72
90
55
43
24
53
96
93
61
29
6
51
72
73
63
26
12
75
52
92
70
20
78
9
39
83
26
59
64
13
89
34
31
37
62
44
18
74
37
88
32
15
70
52
25
53
3
40
91
51
92
6
59
67
18
44
67
80
49
15
37
2
44
61
78
35
94
31
34
13
33
14
48
11
19
29
84
27
58
40
30
17
35
1
65
75
38
42
36
49
13
8
21
56
53
100
74
9
55
2
7
50
